085640728276
087846747618
082126281157
0856009460978
087715776300
0895392797970
0895405012775
081228321200
082317200186
083151284408
0895199022440
081521876258
082143269419
089681433311
087757136449
082196354083
0895619983700
085222242737
085816317498
082169955298
085776071703
08119503151
08119503152
08119503153
08119503154
08119503155
08119503156
08119503157
08119503158
08119503159
08119503150
081212373308
081222606220
081225140852
081231133540
081261716401
081271405594
081280819761
081287752347
081311358586
081315227795
081328583939
081334380871
081357582205
081362406557
081381333866
081381566786
081389526194
081392401749
081510975975
08176758588
081806030588
082115758878
082141766077
082154573644
082187611641
082226007033
082245669644
082268630370
082285576517
082359140851
085262531231
085273029535
085717007415
085738663212
085742060662
085746740335
085776629764
085785282465
085810634806
087722301772
087781776014
087861830840
087877576544
087896463982
088228323393
089679116006
08980707169
08119503159
081212373308
081222606220
081225140852
081231133540
081261716401
081271405594
081280819761
081287752347
081311358586
081315227795
081328583939
081334380871
081357582205
081362406557
081381333866
081381566786
081389526194
081392401749
081510975975
08176758588
081806030588
082115758878
082141766077
082154573644
082187611641
082226007033
082245669644
082268630370
082285576517
082359140851
085262531231
085273029535
085717007415
085738663212
085742060662
085746740335
085776629764
085785282465
085810634806
087722301772
087781776014
087861830840
087877576544
087896463982
088228323393
089679116006
08980707169
0811678781
085376533232
085376532828
085376532299
085376531155
085376531100
085360098580
085360098515
085360098255
085360098242
085360098151
085360092622
085360090595
085360090565
085360090545
085297991616
085799000000
085601234567
085888888889
08551234567
0816800000
081559999999
085880000000
085780000000
085297991414
085297991116
085297991114
085297990808
085297990606
085297990505
085275432024
085275432011
085275432007
085275432001
085275431984
085275431974
085275431973
085273202016
085273202009


